place(0.529, -6.368, 13.918, "Brawler", 600)
place(-0.118, -6.368, 15.850, "Brawler", 600)
upgrade(0.529, -5.018, 13.918, 300)
upgrade(0.529, -5.018, 13.918, 850)
place(5.469, -6.368, 14.753, "Scout", 250)
upgrade(5.469, -5.018, 14.753, 150)
place(8.316, -6.368, 13.484, "Scout", 250)
upgrade(8.316, -5.018, 13.484, 150)
upgrade(-0.118, -5.018, 15.850, 300)
upgrade(-0.118, -5.018, 15.850, 850)
place(6.153, -6.368, 17.701, "Scout", 250)
upgrade(6.153, -5.018, 17.701, 150)
place(8.944, -6.368, 16.453, "Scout", 250)
upgrade(8.944, -5.018, 16.453, 150)
place(-2.657, -6.368, 15.858, "Scout", 250)
upgrade(-2.657, -5.018, 15.858, 150)
place(1.425, -6.368, 17.946, "Scout", 250)
upgrade(1.425, -5.018, 17.946, 150)
place(-1.571, -6.368, 18.773, "Scout", 250)
upgrade(-1.571, -5.018, 18.773, 150)
place(-5.608, -6.368, 16.571, "Scout", 250)
upgrade(-5.608, -5.018, 16.571, 150)
place(-4.524, -6.368, 19.386, "Scout", 250)
upgrade(-4.524, -5.018, 19.386, 150)
place(-8.656, -6.368, 16.705, "Scout", 250)
upgrade(-8.656, -5.018, 16.705, 150)
place(-7.647, -6.368, 19.571, "Scout", 250)
upgrade(-7.647, -5.018, 19.571, 150)
place(-11.716, -6.368, 16.375, "Scout", 250)
upgrade(-11.716, -5.018, 16.375, 150)
place(-10.706, -6.368, 19.240, "Scout", 250)
upgrade(-10.706, -5.018, 19.240, 150)
place(-14.428, -6.368, 15.015, "Scout", 250)
upgrade(-14.428, -5.018, 15.015, 150)
place(-13.695, -6.368, 18.731, "Scout", 250)
upgrade(-13.695, -5.018, 18.731, 150)
place(8.001, -6.368, 20.334, "Scout", 250)
upgrade(8.001, -5.018, 20.334, 150)
place(10.990, -6.368, 19.283, "Scout", 250)
upgrade(5.469, -5.018, 14.753, 500)
upgrade(8.316, -5.018, 13.484, 500)
upgrade(8.944, -5.018, 16.453, 500)
upgrade(6.153, -5.018, 17.701, 500)
upgrade(8.001, -5.018, 20.334, 500)
